"","isIntro","productNo","endTime","startTime","subject_phoneNumber","E4Acc_Min","E4Acc_Q1","E4Acc_Median","E4Acc_Mean","E4Acc_Q3","E4Acc_Max","E4bvp_Min","E4bvp_Q1","E4bvp_Median","E4bvp_Mean","E4bvp_Q3","E4bvp_Max","E4gsr_Min","E4gsr_Q1","E4gsr_Median","E4gsr_Mean","E4gsr_Q3","E4gsr_Max","E4temp_Min","E4temp_Q1","E4temp_Median","E4temp_Mean","E4temp_Q3","E4temp_Max","sensortag_Min","sensortag_Q1","sensortag_Median","sensortag_Mean","sensortag_Q3","sensortag_Max","phone_acc_Min","phone_acc_Q1","phone_acc_Median","phone_acc_Mean","phone_acc_Q3","phone_acc_Max"
"1",0,3,1529390359634,1529390324318,"01020143772",0,40,48,44.07,49,55,-75.94,-6.464,1.757,0.004704,6.77,49.06,2.433,2.537,2.578,2.613,2.639,3.051,34.99,35.01,35.03,35.03,35.05,35.07,0.0002441,0.01532,0.02356,0.03767,0.06323,0.126,0.009577,4.765,4.834,4.808,4.906,6.134
"2",0,3,1529297046137,1529297010571,"01024864821",44,68,99,88.79,107,210,-212.9,-36.22,3.278,-0.04232,37.16,244.1,12.95,14.09,14.61,14.67,15.43,17.49,33.79,33.81,33.83,33.83,33.83,33.87,0.003174,0.04163,0.1027,0.1362,0.2029,0.5156,2.682,7.98,8.469,8.472,9.085,12.8
"3",0,3,1528432508515,1528432473222,"01025209853",15,63.25,81.5,75.01,90,157,-144.9,-17.48,1.438,-0.3557,16.27,193,2.803,2.96,3.106,3.169,3.332,3.836,33.99,34.01,34.01,34.01,34.03,34.03,0.01538,0.06213,0.08875,0.1139,0.1425,0.3376,2.981,7.975,8.263,8.277,8.825,17.3
"4",0,3,1528878348003,1528878312481,"01027840617",33,56,60,63.76,69,109,-423.4,-36.74,6.881,0.8646,48.61,301.5,1.777,1.908,1.946,1.99,2.026,2.417,35.21,35.23,35.25,35.24,35.25,35.27,0.003174,0.04156,0.07471,0.07797,0.09229,0.2063,11.25,15.15,15.21,15.19,15.27,19.16
"5",0,3,1528875245935,1528875210371,"01030907426",9,30,40,38.96,47,72,-488.4,-36.8,-4.734,-2.161,30.51,317.3,0.08351,0.08927,0.09375,0.1004,0.1123,0.1296,31.77,31.81,31.85,31.85,31.87,31.91,0.0009766,0.04968,0.09875,0.1071,0.1472,0.3774,0.3256,3.64,3.986,3.952,4.372,7.676
"6",0,3,1528439542752,1528439507587,"01037711063",0,28,31,36.3,42,83,-125.1,-16.1,0.2132,-0.7669,14.36,129.2,34.19,34.68,34.82,34.94,35.26,35.54,33.75,33.77,33.79,33.78,33.79,33.81,0.0009766,0.02856,0.07788,0.1525,0.2001,0.7065,2.15,8.118,8.534,8.343,8.866,13.4
"7",0,3,1529311512475,1529311477041,"01043082008",0,44,48,46.2,52,75,-331,-8.59,1.271,0.1511,10.57,284.6,2.151,2.197,2.255,2.28,2.291,2.722,35.91,35.93,35.95,35.95,35.97,35.99,0.03369,0.06738,0.1238,0.116,0.1519,0.2163,0.2873,4.295,4.671,4.77,5.357,7.334
"8",0,3,1529035707806,1529035672212,"01049151225",0,4,9,10.67,16,31,-237.8,-7.648,1.485,0.5271,8.309,288.7,2.14,2.244,2.274,2.293,2.349,2.527,33.89,33.91,33.91,33.91,33.91,33.93,0.0002441,0.03076,0.08167,0.08857,0.1352,0.2673,1.891,6.89,7.401,7.54,8.287,10.82
"9",0,3,1528418780365,1528418742952,"01050140044",0,11,26,28.26,43,79,-209.8,-32.16,8.21,-0.3306,36.61,192.5,0.4767,0.4843,0.4882,0.4883,0.4908,0.5048,34.33,34.35,34.35,34.36,34.37,34.39,0.001953,0.06268,0.1794,0.1983,0.2803,0.7859,5.349,7.851,8.886,8.62,9.443,12.96
"10",0,3,1528432894170,1528432858744,"01052935728",0,9,11,12.74,14,83,-265.8,-32.52,0.484,0.9273,36.38,306.7,2.943,3.475,3.807,3.838,4.131,5.005,35.87,35.89,35.89,35.89,35.91,35.93,0.0004883,0.01605,0.04407,0.05033,0.07355,0.209,3.256,8.489,8.821,8.836,9.254,11.99
"11",0,3,1529383292263,1529383256652,"01058937288",0,16,22,23.36,29,61,-15.71,-5.302,0.5876,0.1168,4.925,21.17,2.935,3.005,3.111,3.124,3.191,3.437,34.73,34.75,34.75,34.76,34.77,34.77,0.001465,0.0495,0.1238,0.1673,0.2136,0.7332,0.5004,3.998,4.471,4.346,4.76,7.571
"12",0,3,1528425704667,1528425669428,"01073451686",0,28,52,44.07,59,64,-292.1,-12.07,2.777,-0.4596,12.06,248.6,0.5782,0.623,0.6781,0.6809,0.7166,0.8895,35.09,35.11,35.11,35.12,35.13,35.17,0.0004883,0.03461,0.07654,0.08706,0.1273,0.3196,4.839,8.558,8.976,8.779,9.304,10.93
"13",0,3,1529469720639,1529469685290,"01079071567",12,88,103,99.62,110,245,-835.3,-32.96,-4.565,-1.045,24.13,659.9,0,0.04227,0.07813,0.07063,0.09222,0.1114,33.61,33.63,33.63,33.64,33.65,33.65,0.002686,0.1638,0.2222,0.2211,0.2894,0.4553,4.726,8.868,9.272,9.139,9.541,11.06
"14",0,3,1528424828495,1528424793193,"01088084121",0,48,51,46.2,52,89,-306,-23.58,6.401,1.063,26.13,475.2,1.513,1.607,1.705,1.729,1.819,2.16,35.21,35.23,35.25,35.26,35.29,35.33,0.001709,0.02582,0.06702,0.09088,0.1315,0.4048,5.021,8.707,9.095,8.916,9.228,11.51
"15",0,22,1529389206571,1529389179423,"01020143772",2,14,16,17.25,21,31,-41.51,-10.47,2.096,-0.1711,10.2,47.89,1.904,1.97,2.027,2.059,2.141,2.339,34.81,34.81,34.83,34.82,34.83,34.85,0.01685,0.0293,0.07275,0.07728,0.08679,0.2,4.561,6.053,6.644,6.411,6.785,7.427
"16",0,22,1529296000356,1529295973183,"01024864821",26,75,91,89.38,101,252,-267.9,-29.39,2.575,0.8883,35.39,302,13.21,13.81,14.24,14.18,14.55,14.92,34.17,34.19,34.23,34.21,34.23,34.27,0.001465,0.04169,0.0885,0.1088,0.1506,0.5996,0.9338,8.348,9.28,8.819,9.644,15.41
"17",0,22,1528431040068,1528431012949,"01025209853",1,71,88,81.47,97,189,-620.2,-61.39,0.4204,0.2803,74.31,444.4,2.592,2.779,2.861,2.897,3.002,3.587,33.69,33.79,33.81,33.79,33.81,33.83,0.001465,0.02979,0.07666,0.08518,0.1323,0.2397,2.488,8.92,9.35,9.091,9.546,11.52
"18",0,22,1528877443595,1528877416506,"01027840617",13,64,74,76.39,85,189,-638,-42.18,8.527,0.3529,42.28,378.1,2.033,2.176,2.418,2.438,2.594,3.236,33.57,33.57,33.59,33.59,33.61,33.63,0.005859,0.03162,0.06714,0.08961,0.1275,0.3372,11.08,14.93,15.04,14.99,15.12,21.07
"19",0,22,1528873995545,1528873968212,"01030907426",0,7,31,29.53,44,114,-425.3,-75.48,1.79,-2.237,65.47,536.9,0.9186,0.9583,0.9929,1.084,1.266,1.456,31.91,31.93,31.97,31.97,31.99,32.05,0.0009766,0.06396,0.1204,0.1397,0.1958,0.5166,1.111,5.746,6.661,6.395,7.264,10.86
"20",0,22,1528438354117,1528438326959,"01037711063",0,15,25,29.48,38,179,-276.4,-30.55,1.291,-0.2669,29.47,245.6,22.82,23.22,24.59,24.53,25.61,25.9,33.89,33.89,33.95,33.93,33.97,33.99,0.01147,0.06128,0.1416,0.1717,0.2263,0.5352,1.678,8.253,8.847,8.511,9.268,14.45
"21",0,22,1529310559331,1529310532510,"01043082008",0,12,19,17.98,24,54,-65.02,-10.99,0.9141,0.4325,10.78,62.58,3.918,3.985,4.079,4.179,4.282,5.176,36.15,36.15,36.17,36.17,36.17,36.19,0.005859,0.04041,0.05164,0.1097,0.2041,0.2783,1.346,4.707,4.987,5.043,5.322,8.308
"22",0,22,1529036598388,1529036571225,"01049151225",0,7,12,13.1,16,55,-190,-7.504,0.06041,0.1873,7.241,242,2.344,2.37,2.406,2.4,2.43,2.459,33.79,33.81,33.81,33.81,33.83,33.83,0.003174,0.03271,0.08032,0.09461,0.1329,0.3203,2.404,6.599,7.204,7.252,7.953,11.89
"23",0,22,1528417134087,1528417106964,"01050140044",0,26,44,40.86,50,177,-186.8,-18.04,5.297,2.69,20.77,265.5,0.2244,0.2321,0.2346,0.24,0.2436,0.2782,33.31,33.33,33.33,33.33,33.33,33.35,0.006836,0.0354,0.06604,0.1062,0.1452,0.5059,0.2945,6.43,7.06,6.979,7.923,13.79
"24",0,22,1528431644144,1528431617158,"01052935728",1,37,52,53.71,67,106,-427.4,-41.88,-1.804,-0.5812,41.36,629.5,2.288,2.362,2.415,2.424,2.483,2.613,35.79,35.83,35.83,35.83,35.83,35.85,0.01074,0.1946,0.3906,0.3334,0.4796,0.5901,5.507,8.208,8.492,8.442,8.698,10.23
"25",0,22,1529382163121,1529382136354,"01058937288",0,4,13,13.69,22.25,40,-36.85,-9.499,0.1278,-0.06787,8.035,60.33,4.868,4.996,5.137,5.128,5.248,5.374,35.05,35.09,35.09,35.1,35.11,35.13,0.002441,0.02808,0.0542,0.07396,0.09204,0.2954,1.243,4.703,5.196,5.099,5.531,7.669
"26",0,22,1528424268404,1528424241387,"01073451686",0,25,33,33.7,43,94,-209.8,-24.72,1.654,-0.6248,19.8,310.1,0.7768,1.183,1.29,1.253,1.379,1.658,35.11,35.13,35.15,35.15,35.17,35.19,0.008789,0.08203,0.1501,0.2342,0.3047,1.24,0.2083,5.576,6.455,6.485,7.705,12.13
"27",0,22,1529468745458,1529468718405,"01079071567",27,66,72,69.11,76,93,-126.8,-6.295,0.09514,-0.1606,5.19,221.3,0.06661,0.07045,0.07173,0.07179,0.07301,0.07429,33.47,33.49,33.51,33.5,33.51,33.53,0.0002441,0.02972,0.09509,0.1036,0.1598,0.3564,4.463,8.794,9.172,9.027,9.46,14.09
"28",0,22,1528423845102,1528423818038,"01088084121",0,29,49,43.39,54,132,-326.1,-53.98,7.459,-2.639,55.47,293.3,1.535,1.668,1.746,1.777,1.847,2.178,34.55,34.59,34.63,34.62,34.65,34.69,0.0007324,0.02893,0.06128,0.08039,0.08215,0.3386,5.464,8.756,9.165,8.998,9.547,12.4
